# unix_time, cycles_done, cur_path, paths_total, pending_total, pending_favs, map_size, unique_crashes, unique_hangs, max_depth, execs_per_sec
1609787148, 0, 0, 1, 1, 1, 0.23%, 0, 0, 1, 1285.71
1609787158, 3, 0, 1, 0, 0, 0.23%, 0, 0, 1, 179.93
1609787163, 6, 0, 1, 0, 0, 0.23%, 0, 0, 1, 179.55
1609787168, 10, 0, 1, 0, 0, 0.23%, 0, 0, 1, 179.81
1609787173, 13, 0, 1, 0, 0, 0.23%, 0, 0, 1, 180.15
1609787178, 17, 0, 1, 0, 0, 0.23%, 0, 0, 1, 180.09
1609787183, 21, 0, 1, 0, 0, 0.23%, 0, 0, 1, 180.19
1609787188, 24, 0, 1, 0, 0, 0.23%, 0, 0, 1, 180.08
1609787194, 28, 0, 1, 0, 0, 0.23%, 0, 0, 1, 179.74
1609787199, 31, 0, 1, 0, 0, 0.23%, 0, 0, 1, 180.18
1609787204, 35, 0, 1, 0, 0, 0.23%, 0, 0, 1, 180.30
1609787209, 39, 0, 1, 0, 0, 0.23%, 0, 0, 1, 179.83
1609787214, 42, 0, 1, 0, 0, 0.23%, 0, 0, 1, 179.81
1609787219, 46, 0, 1, 0, 0, 0.23%, 0, 0, 1, 180.22
1609787224, 49, 0, 1, 0, 0, 0.23%, 0, 0, 1, 179.75
1609787229, 53, 0, 1, 0, 0, 0.23%, 0, 0, 1, 179.95
1609787234, 56, 0, 1, 0, 0, 0.23%, 0, 0, 1, 179.65
1609787240, 60, 0, 1, 0, 0, 0.23%, 0, 0, 1, 179.86
1609787245, 64, 0, 1, 0, 0, 0.23%, 0, 0, 1, 179.98
1609787250, 67, 0, 1, 0, 0, 0.23%, 0, 0, 1, 179.91
1609787255, 71, 0, 1, 0, 0, 0.23%, 0, 0, 1, 179.98
1609787260, 75, 0, 1, 0, 0, 0.23%, 0, 0, 1, 179.70
1609787265, 78, 0, 1, 0, 0, 0.23%, 0, 0, 1, 180.06
1609787270, 82, 0, 1, 0, 0, 0.23%, 0, 0, 1, 179.79
1609787276, 85, 0, 1, 0, 0, 0.23%, 0, 0, 1, 180.00
1609787281, 89, 0, 1, 0, 0, 0.23%, 0, 0, 1, 179.76
1609787286, 93, 0, 1, 0, 0, 0.23%, 0, 0, 1, 179.95
1609787291, 96, 0, 1, 0, 0, 0.23%, 0, 0, 1, 180.11
1609787296, 100, 0, 1, 0, 0, 0.23%, 0, 0, 1, 180.40
1609787301, 104, 0, 1, 0, 0, 0.23%, 0, 0, 1, 180.02
1609787306, 107, 0, 1, 0, 0, 0.23%, 0, 0, 1, 179.79
1609787312, 111, 0, 1, 0, 0, 0.23%, 0, 0, 1, 179.98
1609787317, 114, 0, 1, 0, 0, 0.23%, 0, 0, 1, 175.01
1609787322, 118, 0, 1, 0, 0, 0.23%, 0, 0, 1, 178.33
1609787327, 122, 0, 1, 0, 0, 0.23%, 0, 0, 1, 179.31
1609787332, 125, 0, 1, 0, 0, 0.23%, 0, 0, 1, 179.66
1609787338, 129, 0, 1, 0, 0, 0.23%, 0, 0, 1, 179.77
1609787343, 132, 0, 1, 0, 0, 0.23%, 0, 0, 1, 179.72
1609787348, 136, 0, 1, 0, 0, 0.23%, 0, 0, 1, 179.85
1609787353, 140, 0, 1, 0, 0, 0.23%, 0, 0, 1, 179.73
1609787358, 143, 0, 1, 0, 0, 0.23%, 0, 0, 1, 179.37
1609787363, 147, 0, 1, 0, 0, 0.23%, 0, 0, 1, 179.00
1609787368, 150, 0, 1, 0, 0, 0.23%, 0, 0, 1, 180.00
1609787373, 154, 0, 1, 0, 0, 0.23%, 0, 0, 1, 179.79
1609787378, 158, 0, 1, 0, 0, 0.23%, 0, 0, 1, 180.31
1609787383, 161, 0, 1, 0, 0, 0.23%, 0, 0, 1, 180.39
1609787389, 165, 0, 1, 0, 0, 0.23%, 0, 0, 1, 179.99
1609787394, 168, 0, 1, 0, 0, 0.23%, 0, 0, 1, 180.23
1609787399, 172, 0, 1, 0, 0, 0.23%, 0, 0, 1, 179.98
1609787404, 176, 0, 1, 0, 0, 0.23%, 0, 0, 1, 179.59
1609787409, 179, 0, 1, 0, 0, 0.23%, 0, 0, 1, 179.47
1609787414, 183, 0, 1, 0, 0, 0.23%, 0, 0, 1, 179.92
1609787420, 186, 0, 1, 0, 0, 0.23%, 0, 0, 1, 179.69
1609787425, 190, 0, 1, 0, 0, 0.23%, 0, 0, 1, 179.91
1609787430, 194, 0, 1, 0, 0, 0.23%, 0, 0, 1, 179.84
1609787435, 197, 0, 1, 0, 0, 0.23%, 0, 0, 1, 180.05
1609787440, 201, 0, 1, 0, 0, 0.23%, 0, 0, 1, 179.48
1609787445, 205, 0, 1, 0, 0, 0.23%, 0, 0, 1, 179.92
1609787450, 208, 0, 1, 0, 0, 0.23%, 0, 0, 1, 179.83
1609787456, 212, 0, 1, 0, 0, 0.23%, 0, 0, 1, 179.57
1609787461, 215, 0, 1, 0, 0, 0.23%, 0, 0, 1, 172.22
1609787466, 219, 0, 1, 0, 0, 0.23%, 0, 0, 1, 178.29
1609787471, 222, 0, 1, 0, 0, 0.23%, 0, 0, 1, 178.46
1609787476, 226, 0, 1, 0, 0, 0.23%, 0, 0, 1, 179.96
1609787481, 230, 0, 1, 0, 0, 0.23%, 0, 0, 1, 179.50
1609787487, 233, 0, 1, 0, 0, 0.23%, 0, 0, 1, 179.96
1609787492, 237, 0, 1, 0, 0, 0.23%, 0, 0, 1, 180.23
1609787497, 241, 0, 1, 0, 0, 0.23%, 0, 0, 1, 180.10
1609787502, 244, 0, 1, 0, 0, 0.23%, 0, 0, 1, 180.07
1609787507, 248, 0, 1, 0, 0, 0.23%, 0, 0, 1, 180.16
1609787512, 251, 0, 1, 0, 0, 0.23%, 0, 0, 1, 179.64
1609787517, 255, 0, 1, 0, 0, 0.23%, 0, 0, 1, 179.38
1609787522, 259, 0, 1, 0, 0, 0.23%, 0, 0, 1, 179.61
1609787528, 262, 0, 1, 0, 0, 0.23%, 0, 0, 1, 179.45
1609787533, 266, 0, 1, 0, 0, 0.23%, 0, 0, 1, 179.63
1609787538, 269, 0, 1, 0, 0, 0.23%, 0, 0, 1, 179.72
1609787543, 273, 0, 1, 0, 0, 0.23%, 0, 0, 1, 179.56
1609787548, 277, 0, 1, 0, 0, 0.23%, 0, 0, 1, 180.13
1609787553, 280, 0, 1, 0, 0, 0.23%, 0, 0, 1, 180.25
1609787558, 284, 0, 1, 0, 0, 0.23%, 0, 0, 1, 180.04
1609787563, 287, 0, 1, 0, 0, 0.23%, 0, 0, 1, 180.10
1609787569, 291, 0, 1, 0, 0, 0.23%, 0, 0, 1, 179.92
1609787574, 295, 0, 1, 0, 0, 0.23%, 0, 0, 1, 179.95
1609787579, 298, 0, 1, 0, 0, 0.23%, 0, 0, 1, 180.27
1609787584, 302, 0, 1, 0, 0, 0.23%, 0, 0, 1, 179.95
1609787589, 305, 0, 1, 0, 0, 0.23%, 0, 0, 1, 179.52
1609787594, 309, 0, 1, 0, 0, 0.23%, 0, 0, 1, 179.98
1609787599, 313, 0, 1, 0, 0, 0.23%, 0, 0, 1, 180.28
1609787604, 316, 0, 1, 0, 0, 0.23%, 0, 0, 1, 180.10
1609787609, 320, 0, 1, 0, 0, 0.23%, 0, 0, 1, 179.97
1609787614, 323, 0, 1, 0, 0, 0.23%, 0, 0, 1, 180.17
1609787619, 327, 0, 1, 0, 0, 0.23%, 0, 0, 1, 179.93
1609787624, 330, 0, 1, 0, 0, 0.23%, 0, 0, 1, 180.27
1609787630, 334, 0, 1, 0, 0, 0.23%, 0, 0, 1, 179.94
1609787635, 338, 0, 1, 0, 0, 0.23%, 0, 0, 1, 179.84
1609787640, 341, 0, 1, 0, 0, 0.23%, 0, 0, 1, 179.68
1609787645, 345, 0, 1, 0, 0, 0.23%, 0, 0, 1, 179.81
1609787650, 348, 0, 1, 0, 0, 0.23%, 0, 0, 1, 180.08
1609787655, 352, 0, 1, 0, 0, 0.23%, 0, 0, 1, 180.17
1609787660, 355, 0, 1, 0, 0, 0.23%, 0, 0, 1, 180.21
1609787665, 359, 0, 1, 0, 0, 0.23%, 0, 0, 1, 180.18
1609787670, 363, 0, 1, 0, 0, 0.23%, 0, 0, 1, 180.00
1609787675, 366, 0, 1, 0, 0, 0.23%, 0, 0, 1, 179.95
1609787680, 370, 0, 1, 0, 0, 0.23%, 0, 0, 1, 180.13
1609787685, 373, 0, 1, 0, 0, 0.23%, 0, 0, 1, 179.10
1609787690, 377, 0, 1, 0, 0, 0.23%, 0, 0, 1, 179.31
1609787696, 380, 0, 1, 0, 0, 0.23%, 0, 0, 1, 179.85
1609787701, 384, 0, 1, 0, 0, 0.23%, 0, 0, 1, 179.67
1609787706, 388, 0, 1, 0, 0, 0.23%, 0, 0, 1, 179.72
1609787711, 391, 0, 1, 0, 0, 0.23%, 0, 0, 1, 179.87
1609787716, 395, 0, 1, 0, 0, 0.23%, 0, 0, 1, 179.95
1609787721, 398, 0, 1, 0, 0, 0.23%, 0, 0, 1, 179.91
1609787726, 402, 0, 1, 0, 0, 0.23%, 0, 0, 1, 180.04
1609787732, 406, 0, 1, 0, 0, 0.23%, 0, 0, 1, 179.62
1609787737, 409, 0, 1, 0, 0, 0.23%, 0, 0, 1, 179.82
1609787742, 413, 0, 1, 0, 0, 0.23%, 0, 0, 1, 180.22
1609787747, 416, 0, 1, 0, 0, 0.23%, 0, 0, 1, 179.86
1609787752, 420, 0, 1, 0, 0, 0.23%, 0, 0, 1, 179.68
1609787757, 424, 0, 1, 0, 0, 0.23%, 0, 0, 1, 179.84
1609787762, 427, 0, 1, 0, 0, 0.23%, 0, 0, 1, 179.78
1609787767, 431, 0, 1, 0, 0, 0.23%, 0, 0, 1, 180.03
1609787772, 434, 0, 1, 0, 0, 0.23%, 0, 0, 1, 179.85
1609787777, 438, 0, 1, 0, 0, 0.23%, 0, 0, 1, 179.98
1609787782, 441, 0, 1, 0, 0, 0.23%, 0, 0, 1, 179.92
1609787787, 445, 0, 1, 0, 0, 0.23%, 0, 0, 1, 180.25
1609787793, 449, 0, 1, 0, 0, 0.23%, 0, 0, 1, 179.91
1609787798, 452, 0, 1, 0, 0, 0.23%, 0, 0, 1, 179.71
1609787803, 456, 0, 1, 0, 0, 0.23%, 0, 0, 1, 179.73
1609787808, 459, 0, 1, 0, 0, 0.23%, 0, 0, 1, 180.14
1609787813, 463, 0, 1, 0, 0, 0.23%, 0, 0, 1, 179.70
1609787818, 467, 0, 1, 0, 0, 0.23%, 0, 0, 1, 179.56
1609787824, 470, 0, 1, 0, 0, 0.23%, 0, 0, 1, 179.95
1609787829, 474, 0, 1, 0, 0, 0.23%, 0, 0, 1, 180.14
1609787834, 477, 0, 1, 0, 0, 0.23%, 0, 0, 1, 180.23
1609787839, 481, 0, 1, 0, 0, 0.23%, 0, 0, 1, 180.26
1609787844, 485, 0, 1, 0, 0, 0.23%, 0, 0, 1, 180.36
1609787849, 488, 0, 1, 0, 0, 0.23%, 0, 0, 1, 180.63
1609787854, 492, 0, 1, 0, 0, 0.23%, 0, 0, 1, 180.15
1609787859, 495, 0, 1, 0, 0, 0.23%, 0, 0, 1, 180.37
1609787864, 499, 0, 1, 0, 0, 0.23%, 0, 0, 1, 179.88
1609787870, 503, 0, 1, 0, 0, 0.23%, 0, 0, 1, 179.84
1609787875, 506, 0, 1, 0, 0, 0.23%, 0, 0, 1, 180.05
1609787880, 510, 0, 1, 0, 0, 0.23%, 0, 0, 1, 180.18
1609787885, 514, 0, 1, 0, 0, 0.23%, 0, 0, 1, 180.34
1609787890, 517, 0, 1, 0, 0, 0.23%, 0, 0, 1, 179.83
1609787895, 521, 0, 1, 0, 0, 0.23%, 0, 0, 1, 180.00
1609787901, 524, 0, 1, 0, 0, 0.23%, 0, 0, 1, 179.78
1609787906, 528, 0, 1, 0, 0, 0.23%, 0, 0, 1, 180.41
1609787911, 532, 0, 1, 0, 0, 0.23%, 0, 0, 1, 180.15
1609787916, 535, 0, 1, 0, 0, 0.23%, 0, 0, 1, 177.71
1609787921, 539, 0, 1, 0, 0, 0.23%, 0, 0, 1, 179.00
1609787926, 542, 0, 1, 0, 0, 0.23%, 0, 0, 1, 179.44
1609787931, 546, 0, 1, 0, 0, 0.23%, 0, 0, 1, 179.51
1609787936, 549, 0, 1, 0, 0, 0.23%, 0, 0, 1, 179.87
1609787941, 553, 0, 1, 0, 0, 0.23%, 0, 0, 1, 179.79
1609787947, 557, 0, 1, 0, 0, 0.23%, 0, 0, 1, 179.29
1609787952, 560, 0, 1, 0, 0, 0.23%, 0, 0, 1, 179.79
1609787957, 564, 0, 1, 0, 0, 0.23%, 0, 0, 1, 179.80
1609787962, 567, 0, 1, 0, 0, 0.23%, 0, 0, 1, 179.33
1609787967, 571, 0, 1, 0, 0, 0.23%, 0, 0, 1, 179.87
1609787972, 575, 0, 1, 0, 0, 0.23%, 0, 0, 1, 179.81
1609787977, 578, 0, 1, 0, 0, 0.23%, 0, 0, 1, 176.53
1609787982, 582, 0, 1, 0, 0, 0.23%, 0, 0, 1, 179.11
1609787987, 585, 0, 1, 0, 0, 0.23%, 0, 0, 1, 180.05
1609787993, 589, 0, 1, 0, 0, 0.23%, 0, 0, 1, 180.42
1609787998, 593, 0, 1, 0, 0, 0.23%, 0, 0, 1, 180.14
1609788003, 596, 0, 1, 0, 0, 0.23%, 0, 0, 1, 178.72
1609788008, 600, 0, 1, 0, 0, 0.23%, 0, 0, 1, 179.76
1609788013, 603, 0, 1, 0, 0, 0.23%, 0, 0, 1, 179.85
1609788018, 607, 0, 1, 0, 0, 0.23%, 0, 0, 1, 179.93
1609788023, 611, 0, 1, 0, 0, 0.23%, 0, 0, 1, 180.03
1609788028, 614, 0, 1, 0, 0, 0.23%, 0, 0, 1, 180.06
1609788034, 618, 0, 1, 0, 0, 0.23%, 0, 0, 1, 179.66
1609788039, 621, 0, 1, 0, 0, 0.23%, 0, 0, 1, 179.85
1609788044, 625, 0, 1, 0, 0, 0.23%, 0, 0, 1, 180.07
1609788049, 629, 0, 1, 0, 0, 0.23%, 0, 0, 1, 180.01
1609788054, 632, 0, 1, 0, 0, 0.23%, 0, 0, 1, 180.05
1609788059, 636, 0, 1, 0, 0, 0.23%, 0, 0, 1, 179.59
1609788065, 640, 0, 1, 0, 0, 0.23%, 0, 0, 1, 180.11
1609788070, 643, 0, 1, 0, 0, 0.23%, 0, 0, 1, 179.94
1609788075, 647, 0, 1, 0, 0, 0.23%, 0, 0, 1, 179.95
1609788080, 650, 0, 1, 0, 0, 0.23%, 0, 0, 1, 179.48
1609788085, 654, 0, 1, 0, 0, 0.23%, 0, 0, 1, 179.94
1609788090, 657, 0, 1, 0, 0, 0.23%, 0, 0, 1, 180.25
1609788095, 661, 0, 1, 0, 0, 0.23%, 0, 0, 1, 180.40
1609788100, 665, 0, 1, 0, 0, 0.23%, 0, 0, 1, 179.97
1609788105, 668, 0, 1, 0, 0, 0.23%, 0, 0, 1, 180.14
1609788110, 672, 0, 1, 0, 0, 0.23%, 0, 0, 1, 180.12
1609788116, 676, 0, 1, 0, 0, 0.23%, 0, 0, 1, 179.75
1609788121, 679, 0, 1, 0, 0, 0.23%, 0, 0, 1, 179.85
1609788126, 683, 0, 1, 0, 0, 0.23%, 0, 0, 1, 180.37
1609788131, 686, 0, 1, 0, 0, 0.23%, 0, 0, 1, 180.30
1609788136, 690, 0, 1, 0, 0, 0.23%, 0, 0, 1, 180.30
1609788141, 693, 0, 1, 0, 0, 0.23%, 0, 0, 1, 180.03
1609788146, 697, 0, 1, 0, 0, 0.23%, 0, 0, 1, 180.07
1609788151, 701, 0, 1, 0, 0, 0.23%, 0, 0, 1, 179.59
1609788156, 704, 0, 1, 0, 0, 0.23%, 0, 0, 1, 180.00
1609788161, 708, 0, 1, 0, 0, 0.23%, 0, 0, 1, 180.12
1609788167, 711, 0, 1, 0, 0, 0.23%, 0, 0, 1, 180.32
1609788172, 715, 0, 1, 0, 0, 0.23%, 0, 0, 1, 180.19
1609788177, 718, 0, 1, 0, 0, 0.23%, 0, 0, 1, 180.46
1609788182, 722, 0, 1, 0, 0, 0.23%, 0, 0, 1, 179.99
1609788187, 726, 0, 1, 0, 0, 0.23%, 0, 0, 1, 180.13
1609788192, 729, 0, 1, 0, 0, 0.23%, 0, 0, 1, 179.98
1609788197, 733, 0, 1, 0, 0, 0.23%, 0, 0, 1, 180.19
1609788202, 737, 0, 1, 0, 0, 0.23%, 0, 0, 1, 180.06
1609788207, 740, 0, 1, 0, 0, 0.23%, 0, 0, 1, 180.13
1609788213, 744, 0, 1, 0, 0, 0.23%, 0, 0, 1, 180.53
1609788218, 747, 0, 1, 0, 0, 0.23%, 0, 0, 1, 179.32
1609788223, 751, 0, 1, 0, 0, 0.23%, 0, 0, 1, 180.53
1609788228, 754, 0, 1, 0, 0, 0.23%, 0, 0, 1, 180.71
1609788233, 758, 0, 1, 0, 0, 0.23%, 0, 0, 1, 180.28
1609788238, 762, 0, 1, 0, 0, 0.23%, 0, 0, 1, 180.18
1609788243, 765, 0, 1, 0, 0, 0.23%, 0, 0, 1, 179.93
1609788248, 769, 0, 1, 0, 0, 0.23%, 0, 0, 1, 179.83
1609788253, 772, 0, 1, 0, 0, 0.23%, 0, 0, 1, 180.22
1609788259, 776, 0, 1, 0, 0, 0.23%, 0, 0, 1, 180.16
1609788264, 780, 0, 1, 0, 0, 0.23%, 0, 0, 1, 180.19
1609788269, 783, 0, 1, 0, 0, 0.23%, 0, 0, 1, 180.09
1609788274, 787, 0, 1, 0, 0, 0.23%, 0, 0, 1, 179.79
1609788279, 791, 0, 1, 0, 0, 0.23%, 0, 0, 1, 180.01
1609788284, 794, 0, 1, 0, 0, 0.23%, 0, 0, 1, 180.22
1609788289, 798, 0, 1, 0, 0, 0.23%, 0, 0, 1, 180.10
1609788294, 801, 0, 1, 0, 0, 0.23%, 0, 0, 1, 180.13
1609788300, 805, 0, 1, 0, 0, 0.23%, 0, 0, 1, 180.11
1609788305, 809, 0, 1, 0, 0, 0.23%, 0, 0, 1, 180.25
1609788310, 812, 0, 1, 0, 0, 0.23%, 0, 0, 1, 179.71
1609788315, 816, 0, 1, 0, 0, 0.23%, 0, 0, 1, 179.96
1609788320, 819, 0, 1, 0, 0, 0.23%, 0, 0, 1, 179.88
1609788325, 823, 0, 1, 0, 0, 0.23%, 0, 0, 1, 180.31
1609788330, 826, 0, 1, 0, 0, 0.23%, 0, 0, 1, 180.00
1609788335, 830, 0, 1, 0, 0, 0.23%, 0, 0, 1, 180.02
1609788340, 834, 0, 1, 0, 0, 0.23%, 0, 0, 1, 180.57
1609788345, 837, 0, 1, 0, 0, 0.23%, 0, 0, 1, 180.05
1609788351, 841, 0, 1, 0, 0, 0.23%, 0, 0, 1, 180.02
1609788356, 844, 0, 1, 0, 0, 0.23%, 0, 0, 1, 180.16
1609788361, 848, 0, 1, 0, 0, 0.23%, 0, 0, 1, 179.81
1609788366, 852, 0, 1, 0, 0, 0.23%, 0, 0, 1, 179.93
1609788371, 855, 0, 1, 0, 0, 0.23%, 0, 0, 1, 180.06
1609788376, 859, 0, 1, 0, 0, 0.23%, 0, 0, 1, 179.95
1609788381, 862, 0, 1, 0, 0, 0.23%, 0, 0, 1, 180.23
1609788386, 866, 0, 1, 0, 0, 0.23%, 0, 0, 1, 180.22
1609788392, 870, 0, 1, 0, 0, 0.23%, 0, 0, 1, 180.36
1609788397, 873, 0, 1, 0, 0, 0.23%, 0, 0, 1, 180.47
1609788402, 877, 0, 1, 0, 0, 0.23%, 0, 0, 1, 180.40
1609788407, 880, 0, 1, 0, 0, 0.23%, 0, 0, 1, 180.32
1609788412, 884, 0, 1, 0, 0, 0.23%, 0, 0, 1, 179.99
1609788417, 888, 0, 1, 0, 0, 0.23%, 0, 0, 1, 179.68
1609788422, 891, 0, 1, 0, 0, 0.23%, 0, 0, 1, 179.70
1609788427, 895, 0, 1, 0, 0, 0.23%, 0, 0, 1, 179.75
1609788433, 899, 0, 1, 0, 0, 0.23%, 0, 0, 1, 179.96
1609788438, 902, 0, 1, 0, 0, 0.23%, 0, 0, 1, 179.76
1609788443, 906, 0, 1, 0, 0, 0.23%, 0, 0, 1, 180.18
1609788448, 909, 0, 1, 0, 0, 0.23%, 0, 0, 1, 180.15
1609788453, 913, 0, 1, 0, 0, 0.23%, 0, 0, 1, 180.01
1609788458, 916, 0, 1, 0, 0, 0.23%, 0, 0, 1, 179.72
1609788463, 920, 0, 1, 0, 0, 0.23%, 0, 0, 1, 180.03
1609788468, 924, 0, 1, 0, 0, 0.23%, 0, 0, 1, 179.84
1609788473, 927, 0, 1, 0, 0, 0.23%, 0, 0, 1, 180.09
1609788479, 931, 0, 1, 0, 0, 0.23%, 0, 0, 1, 180.06
1609788484, 934, 0, 1, 0, 0, 0.23%, 0, 0, 1, 179.92
1609788489, 938, 0, 1, 0, 0, 0.23%, 0, 0, 1, 179.76
1609788494, 942, 0, 1, 0, 0, 0.23%, 0, 0, 1, 179.55
1609788499, 945, 0, 1, 0, 0, 0.23%, 0, 0, 1, 179.96
1609788504, 949, 0, 1, 0, 0, 0.23%, 0, 0, 1, 179.71
1609788509, 952, 0, 1, 0, 0, 0.23%, 0, 0, 1, 179.63
1609788515, 956, 0, 1, 0, 0, 0.23%, 0, 0, 1, 179.63
1609788520, 960, 0, 1, 0, 0, 0.23%, 0, 0, 1, 178.12
1609788525, 963, 0, 1, 0, 0, 0.23%, 0, 0, 1, 179.66
1609788530, 967, 0, 1, 0, 0, 0.23%, 0, 0, 1, 180.01
1609788535, 970, 0, 1, 0, 0, 0.23%, 0, 0, 1, 179.92
1609788540, 974, 0, 1, 0, 0, 0.23%, 0, 0, 1, 180.11
1609788545, 978, 0, 1, 0, 0, 0.23%, 0, 0, 1, 180.06
1609788550, 981, 0, 1, 0, 0, 0.23%, 0, 0, 1, 180.22
1609788555, 985, 0, 1, 0, 0, 0.23%, 0, 0, 1, 179.96
1609788561, 988, 0, 1, 0, 0, 0.23%, 0, 0, 1, 179.95
1609788566, 992, 0, 1, 0, 0, 0.23%, 0, 0, 1, 179.94
1609788571, 996, 0, 1, 0, 0, 0.23%, 0, 0, 1, 180.08
1609788576, 999, 0, 1, 0, 0, 0.23%, 0, 0, 1, 180.16
1609788581, 1003, 0, 1, 0, 0, 0.23%, 0, 0, 1, 180.21
1609788586, 1006, 0, 1, 0, 0, 0.23%, 0, 0, 1, 179.95
1609788591, 1010, 0, 1, 0, 0, 0.23%, 0, 0, 1, 179.49
1609788596, 1014, 0, 1, 0, 0, 0.23%, 0, 0, 1, 179.72
1609788602, 1017, 0, 1, 0, 0, 0.23%, 0, 0, 1, 179.34
1609788607, 1021, 0, 1, 0, 0, 0.23%, 0, 0, 1, 179.29
1609788612, 1024, 0, 1, 0, 0, 0.23%, 0, 0, 1, 180.11
1609788617, 1028, 0, 1, 0, 0, 0.23%, 0, 0, 1, 179.94
1609788622, 1032, 0, 1, 0, 0, 0.23%, 0, 0, 1, 179.92
1609788627, 1035, 0, 1, 0, 0, 0.23%, 0, 0, 1, 179.92
1609788632, 1039, 0, 1, 0, 0, 0.23%, 0, 0, 1, 180.12
1609788638, 1042, 0, 1, 0, 0, 0.23%, 0, 0, 1, 180.03
1609788643, 1046, 0, 1, 0, 0, 0.23%, 0, 0, 1, 180.40
1609788648, 1050, 0, 1, 0, 0, 0.23%, 0, 0, 1, 180.18
1609788653, 1053, 0, 1, 0, 0, 0.23%, 0, 0, 1, 179.86
1609788658, 1057, 0, 1, 0, 0, 0.23%, 0, 0, 1, 179.81
1609788663, 1061, 0, 1, 0, 0, 0.23%, 0, 0, 1, 179.60
1609788668, 1064, 0, 1, 0, 0, 0.23%, 0, 0, 1, 179.73
1609788674, 1068, 0, 1, 0, 0, 0.23%, 0, 0, 1, 180.07
1609788679, 1071, 0, 1, 0, 0, 0.23%, 0, 0, 1, 180.18
1609788684, 1075, 0, 1, 0, 0, 0.23%, 0, 0, 1, 179.96
1609788689, 1079, 0, 1, 0, 0, 0.23%, 0, 0, 1, 179.90
1609788694, 1082, 0, 1, 0, 0, 0.23%, 0, 0, 1, 180.05
1609788699, 1086, 0, 1, 0, 0, 0.23%, 0, 0, 1, 179.85
1609788704, 1089, 0, 1, 0, 0, 0.23%, 0, 0, 1, 179.91
1609788710, 1093, 0, 1, 0, 0, 0.23%, 0, 0, 1, 179.89
1609788715, 1097, 0, 1, 0, 0, 0.23%, 0, 0, 1, 180.01
1609788720, 1100, 0, 1, 0, 0, 0.23%, 0, 0, 1, 179.88
1609788725, 1104, 0, 1, 0, 0, 0.23%, 0, 0, 1, 180.15
1609788730, 1108, 0, 1, 0, 0, 0.23%, 0, 0, 1, 180.22
1609788735, 1111, 0, 1, 0, 0, 0.23%, 0, 0, 1, 179.73
1609788741, 1115, 0, 1, 0, 0, 0.23%, 0, 0, 1, 180.13
1609788746, 1119, 0, 1, 0, 0, 0.23%, 0, 0, 1, 179.83
1609788751, 1122, 0, 1, 0, 0, 0.23%, 0, 0, 1, 179.80
1609788756, 1126, 0, 1, 0, 0, 0.23%, 0, 0, 1, 179.89
1609788761, 1129, 0, 1, 0, 0, 0.23%, 0, 0, 1, 179.79
1609788766, 1133, 0, 1, 0, 0, 0.23%, 0, 0, 1, 180.07
1609788772, 1137, 0, 1, 0, 0, 0.23%, 0, 0, 1, 179.62
1609788777, 1140, 0, 1, 0, 0, 0.23%, 0, 0, 1, 179.94
1609788782, 1144, 0, 1, 0, 0, 0.23%, 0, 0, 1, 179.71
1609788787, 1148, 0, 1, 0, 0, 0.23%, 0, 0, 1, 180.14
1609788792, 1151, 0, 1, 0, 0, 0.23%, 0, 0, 1, 180.16
1609788797, 1155, 0, 1, 0, 0, 0.23%, 0, 0, 1, 180.01
1609788802, 1158, 0, 1, 0, 0, 0.23%, 0, 0, 1, 179.86
1609788807, 1162, 0, 1, 0, 0, 0.23%, 0, 0, 1, 180.01
1609788813, 1166, 0, 1, 0, 0, 0.23%, 0, 0, 1, 180.19
1609788818, 1169, 0, 1, 0, 0, 0.23%, 0, 0, 1, 179.46
1609788823, 1173, 0, 1, 0, 0, 0.23%, 0, 0, 1, 179.53
1609788828, 1176, 0, 1, 0, 0, 0.23%, 0, 0, 1, 179.75
1609788833, 1180, 0, 1, 0, 0, 0.23%, 0, 0, 1, 179.61
1609788838, 1184, 0, 1, 0, 0, 0.23%, 0, 0, 1, 179.94
1609788844, 1187, 0, 1, 0, 0, 0.23%, 0, 0, 1, 179.65
1609788849, 1191, 0, 1, 0, 0, 0.23%, 0, 0, 1, 179.94
1609788854, 1194, 0, 1, 0, 0, 0.23%, 0, 0, 1, 179.72
1609788859, 1198, 0, 1, 0, 0, 0.23%, 0, 0, 1, 180.12
1609788864, 1202, 0, 1, 0, 0, 0.23%, 0, 0, 1, 180.55
1609788869, 1205, 0, 1, 0, 0, 0.23%, 0, 0, 1, 180.43
1609788874, 1209, 0, 1, 0, 0, 0.23%, 0, 0, 1, 179.87
1609788879, 1212, 0, 1, 0, 0, 0.23%, 0, 0, 1, 180.04
1609788884, 1216, 0, 1, 0, 0, 0.23%, 0, 0, 1, 179.82
1609788890, 1220, 0, 1, 0, 0, 0.23%, 0, 0, 1, 179.77
1609788895, 1223, 0, 1, 0, 0, 0.23%, 0, 0, 1, 179.99
1609788900, 1227, 0, 1, 0, 0, 0.23%, 0, 0, 1, 179.92
1609788905, 1231, 0, 1, 0, 0, 0.23%, 0, 0, 1, 179.59
1609788910, 1234, 0, 1, 0, 0, 0.23%, 0, 0, 1, 179.46
1609788915, 1238, 0, 1, 0, 0, 0.23%, 0, 0, 1, 180.04
1609788920, 1241, 0, 1, 0, 0, 0.23%, 0, 0, 1, 180.05
1609788925, 1245, 0, 1, 0, 0, 0.23%, 0, 0, 1, 179.87
1609788931, 1248, 0, 1, 0, 0, 0.23%, 0, 0, 1, 179.97
1609788936, 1252, 0, 1, 0, 0, 0.23%, 0, 0, 1, 180.06
1609788941, 1256, 0, 1, 0, 0, 0.23%, 0, 0, 1, 180.21
1609788946, 1259, 0, 1, 0, 0, 0.23%, 0, 0, 1, 180.03
1609788951, 1263, 0, 1, 0, 0, 0.23%, 0, 0, 1, 179.64
1609788956, 1267, 0, 1, 0, 0, 0.23%, 0, 0, 1, 179.59
1609788961, 1270, 0, 1, 0, 0, 0.23%, 0, 0, 1, 179.94
1609788967, 1274, 0, 1, 0, 0, 0.23%, 0, 0, 1, 180.20
1609788972, 1278, 0, 1, 0, 0, 0.23%, 0, 0, 1, 180.32
1609788977, 1281, 0, 1, 0, 0, 0.23%, 0, 0, 1, 180.06
1609788982, 1285, 0, 1, 0, 0, 0.23%, 0, 0, 1, 180.00
1609788987, 1288, 0, 1, 0, 0, 0.23%, 0, 0, 1, 179.85
1609788992, 1292, 0, 1, 0, 0, 0.23%, 0, 0, 1, 179.96
1609788998, 1296, 0, 1, 0, 0, 0.23%, 0, 0, 1, 180.14
1609789003, 1299, 0, 1, 0, 0, 0.23%, 0, 0, 1, 180.33
1609789008, 1303, 0, 1, 0, 0, 0.23%, 0, 0, 1, 180.39
1609789013, 1306, 0, 1, 0, 0, 0.23%, 0, 0, 1, 180.30
1609789018, 1310, 0, 1, 0, 0, 0.23%, 0, 0, 1, 180.36
1609789023, 1313, 0, 1, 0, 0, 0.23%, 0, 0, 1, 180.21
1609789028, 1317, 0, 1, 0, 0, 0.23%, 0, 0, 1, 180.06
1609789033, 1321, 0, 1, 0, 0, 0.23%, 0, 0, 1, 180.13
1609789038, 1324, 0, 1, 0, 0, 0.23%, 0, 0, 1, 179.70
1609789044, 1328, 0, 1, 0, 0, 0.23%, 0, 0, 1, 179.75
1609789049, 1332, 0, 1, 0, 0, 0.23%, 0, 0, 1, 180.14
1609789054, 1335, 0, 1, 0, 0, 0.23%, 0, 0, 1, 180.05
1609789059, 1339, 0, 1, 0, 0, 0.23%, 0, 0, 1, 179.53
1609789064, 1342, 0, 1, 0, 0, 0.23%, 0, 0, 1, 179.58
1609789069, 1346, 0, 1, 0, 0, 0.23%, 0, 0, 1, 177.88
1609789074, 1350, 0, 1, 0, 0, 0.23%, 0, 0, 1, 179.62
1609789079, 1353, 0, 1, 0, 0, 0.23%, 0, 0, 1, 179.62
1609789085, 1357, 0, 1, 0, 0, 0.23%, 0, 0, 1, 179.52
1609789090, 1360, 0, 1, 0, 0, 0.23%, 0, 0, 1, 179.48
1609789095, 1364, 0, 1, 0, 0, 0.23%, 0, 0, 1, 180.01
1609789100, 1368, 0, 1, 0, 0, 0.23%, 0, 0, 1, 179.95
1609789105, 1371, 0, 1, 0, 0, 0.23%, 0, 0, 1, 179.26
1609789110, 1375, 0, 1, 0, 0, 0.23%, 0, 0, 1, 180.05
1609789115, 1378, 0, 1, 0, 0, 0.23%, 0, 0, 1, 176.87
1609789121, 1382, 0, 1, 0, 0, 0.23%, 0, 0, 1, 179.67
1609789126, 1385, 0, 1, 0, 0, 0.23%, 0, 0, 1, 180.48
1609789131, 1389, 0, 1, 0, 0, 0.23%, 0, 0, 1, 180.56
1609789136, 1393, 0, 1, 0, 0, 0.23%, 0, 0, 1, 180.28
1609789141, 1396, 0, 1, 0, 0, 0.23%, 0, 0, 1, 180.02
1609789146, 1400, 0, 1, 0, 0, 0.23%, 0, 0, 1, 180.18
1609789151, 1404, 0, 1, 0, 0, 0.23%, 0, 0, 1, 180.43
1609789156, 1407, 0, 1, 0, 0, 0.23%, 0, 0, 1, 180.45
1609789161, 1411, 0, 1, 0, 0, 0.23%, 0, 0, 1, 180.39
1609789166, 1414, 0, 1, 0, 0, 0.23%, 0, 0, 1, 180.22
1609789171, 1418, 0, 1, 0, 0, 0.23%, 0, 0, 1, 176.86
1609789176, 1421, 0, 1, 0, 0, 0.23%, 0, 0, 1, 179.58
1609789182, 1425, 0, 1, 0, 0, 0.23%, 0, 0, 1, 179.47
1609789187, 1428, 0, 1, 0, 0, 0.23%, 0, 0, 1, 180.16
1609789192, 1432, 0, 1, 0, 0, 0.23%, 0, 0, 1, 180.17
1609789197, 1436, 0, 1, 0, 0, 0.23%, 0, 0, 1, 180.15
1609789202, 1439, 0, 1, 0, 0, 0.23%, 0, 0, 1, 179.92
1609789207, 1443, 0, 1, 0, 0, 0.23%, 0, 0, 1, 180.16
1609789212, 1446, 0, 1, 0, 0, 0.23%, 0, 0, 1, 180.02
1609789217, 1450, 0, 1, 0, 0, 0.23%, 0, 0, 1, 179.93
1609789222, 1454, 0, 1, 0, 0, 0.23%, 0, 0, 1, 180.09
1609789227, 1457, 0, 1, 0, 0, 0.23%, 0, 0, 1, 180.15
1609789233, 1461, 0, 1, 0, 0, 0.23%, 0, 0, 1, 179.96
1609789238, 1464, 0, 1, 0, 0, 0.23%, 0, 0, 1, 180.01
1609789243, 1468, 0, 1, 0, 0, 0.23%, 0, 0, 1, 179.92
1609789248, 1472, 0, 1, 0, 0, 0.23%, 0, 0, 1, 179.88
1609789253, 1475, 0, 1, 0, 0, 0.23%, 0, 0, 1, 180.25
1609789258, 1479, 0, 1, 0, 0, 0.23%, 0, 0, 1, 180.39
1609789263, 1482, 0, 1, 0, 0, 0.23%, 0, 0, 1, 179.91
1609789268, 1486, 0, 1, 0, 0, 0.23%, 0, 0, 1, 180.12
1609789273, 1489, 0, 1, 0, 0, 0.23%, 0, 0, 1, 180.18
1609789278, 1493, 0, 1, 0, 0, 0.23%, 0, 0, 1, 179.91
1609789283, 1496, 0, 1, 0, 0, 0.23%, 0, 0, 1, 180.17
1609789288, 1500, 0, 1, 0, 0, 0.23%, 0, 0, 1, 179.95
1609789293, 1503, 0, 1, 0, 0, 0.23%, 0, 0, 1, 179.99
1609789299, 1507, 0, 1, 0, 0, 0.23%, 0, 0, 1, 180.22
1609789304, 1511, 0, 1, 0, 0, 0.23%, 0, 0, 1, 179.84
1609789309, 1514, 0, 1, 0, 0, 0.23%, 0, 0, 1, 179.85
1609789314, 1518, 0, 1, 0, 0, 0.23%, 0, 0, 1, 180.13
1609789319, 1522, 0, 1, 0, 0, 0.23%, 0, 0, 1, 180.24
1609789324, 1525, 0, 1, 0, 0, 0.23%, 0, 0, 1, 179.89
1609789329, 1529, 0, 1, 0, 0, 0.23%, 0, 0, 1, 180.42
1609789334, 1532, 0, 1, 0, 0, 0.23%, 0, 0, 1, 180.25
1609789340, 1536, 0, 1, 0, 0, 0.23%, 0, 0, 1, 180.45
1609789345, 1539, 0, 1, 0, 0, 0.23%, 0, 0, 1, 180.17
1609789350, 1543, 0, 1, 0, 0, 0.23%, 0, 0, 1, 180.34
1609789355, 1547, 0, 1, 0, 0, 0.23%, 0, 0, 1, 180.07
1609789360, 1550, 0, 1, 0, 0, 0.23%, 0, 0, 1, 180.02
1609789365, 1554, 0, 1, 0, 0, 0.23%, 0, 0, 1, 180.22
1609789370, 1557, 0, 1, 0, 0, 0.23%, 0, 0, 1, 180.44
1609789375, 1561, 0, 1, 0, 0, 0.23%, 0, 0, 1, 180.62
1609789380, 1564, 0, 1, 0, 0, 0.23%, 0, 0, 1, 180.65
1609789385, 1568, 0, 1, 0, 0, 0.23%, 0, 0, 1, 180.54
1609789390, 1571, 0, 1, 0, 0, 0.23%, 0, 0, 1, 180.57
1609789395, 1575, 0, 1, 0, 0, 0.23%, 0, 0, 1, 180.45
1609789400, 1579, 0, 1, 0, 0, 0.23%, 0, 0, 1, 180.37
1609789405, 1582, 0, 1, 0, 0, 0.23%, 0, 0, 1, 180.59
1609789410, 1586, 0, 1, 0, 0, 0.23%, 0, 0, 1, 180.34
1609789415, 1589, 0, 1, 0, 0, 0.23%, 0, 0, 1, 178.98
1609789420, 1593, 0, 1, 0, 0, 0.23%, 0, 0, 1, 179.41
1609789425, 1596, 0, 1, 0, 0, 0.23%, 0, 0, 1, 180.22
1609789431, 1600, 0, 1, 0, 0, 0.23%, 0, 0, 1, 180.13
1609789436, 1604, 0, 1, 0, 0, 0.23%, 0, 0, 1, 180.27
1609789441, 1607, 0, 1, 0, 0, 0.23%, 0, 0, 1, 180.01
1609789446, 1611, 0, 1, 0, 0, 0.23%, 0, 0, 1, 179.92
1609789451, 1614, 0, 1, 0, 0, 0.23%, 0, 0, 1, 179.76
1609789456, 1618, 0, 1, 0, 0, 0.23%, 0, 0, 1, 180.35
1609789461, 1622, 0, 1, 0, 0, 0.23%, 0, 0, 1, 180.26
1609789466, 1625, 0, 1, 0, 0, 0.23%, 0, 0, 1, 180.32
1609789471, 1629, 0, 1, 0, 0, 0.23%, 0, 0, 1, 180.07
1609789476, 1632, 0, 1, 0, 0, 0.23%, 0, 0, 1, 179.90
1609789482, 1636, 0, 1, 0, 0, 0.23%, 0, 0, 1, 179.91
1609789487, 1640, 0, 1, 0, 0, 0.23%, 0, 0, 1, 180.26
1609789492, 1643, 0, 1, 0, 0, 0.23%, 0, 0, 1, 180.01
1609789497, 1647, 0, 1, 0, 0, 0.23%, 0, 0, 1, 180.20
1609789502, 1650, 0, 1, 0, 0, 0.23%, 0, 0, 1, 179.75
1609789507, 1654, 0, 1, 0, 0, 0.23%, 0, 0, 1, 180.05
1609789512, 1658, 0, 1, 0, 0, 0.23%, 0, 0, 1, 180.28
1609789517, 1661, 0, 1, 0, 0, 0.23%, 0, 0, 1, 180.18
1609789523, 1665, 0, 1, 0, 0, 0.23%, 0, 0, 1, 179.93
1609789528, 1668, 0, 1, 0, 0, 0.23%, 0, 0, 1, 179.75
1609789533, 1672, 0, 1, 0, 0, 0.23%, 0, 0, 1, 180.18
1609789538, 1676, 0, 1, 0, 0, 0.23%, 0, 0, 1, 180.35
1609789543, 1679, 0, 1, 0, 0, 0.23%, 0, 0, 1, 179.88
1609789548, 1683, 0, 1, 0, 0, 0.23%, 0, 0, 1, 180.14
1609789553, 1686, 0, 1, 0, 0, 0.23%, 0, 0, 1, 180.21
1609789558, 1690, 0, 1, 0, 0, 0.23%, 0, 0, 1, 180.26
1609789564, 1694, 0, 1, 0, 0, 0.23%, 0, 0, 1, 179.92
1609789569, 1697, 0, 1, 0, 0, 0.23%, 0, 0, 1, 179.72
1609789574, 1701, 0, 1, 0, 0, 0.23%, 0, 0, 1, 179.91
1609789579, 1704, 0, 1, 0, 0, 0.23%, 0, 0, 1, 179.81
1609789584, 1708, 0, 1, 0, 0, 0.23%, 0, 0, 1, 179.88
1609789589, 1712, 0, 1, 0, 0, 0.23%, 0, 0, 1, 179.98
1609789594, 1715, 0, 1, 0, 0, 0.23%, 0, 0, 1, 179.54
1609789600, 1719, 0, 1, 0, 0, 0.23%, 0, 0, 1, 179.61
1609789605, 1722, 0, 1, 0, 0, 0.23%, 0, 0, 1, 179.50
1609789610, 1726, 0, 1, 0, 0, 0.23%, 0, 0, 1, 179.67
1609789615, 1730, 0, 1, 0, 0, 0.23%, 0, 0, 1, 179.66
1609789620, 1733, 0, 1, 0, 0, 0.23%, 0, 0, 1, 179.53
1609789625, 1737, 0, 1, 0, 0, 0.23%, 0, 0, 1, 180.09
1609789630, 1741, 0, 1, 0, 0, 0.23%, 0, 0, 1, 180.12
1609789636, 1744, 0, 1, 0, 0, 0.23%, 0, 0, 1, 180.29
1609789641, 1748, 0, 1, 0, 0, 0.23%, 0, 0, 1, 180.20
1609789646, 1751, 0, 1, 0, 0, 0.23%, 0, 0, 1, 180.01
1609789651, 1755, 0, 1, 0, 0, 0.23%, 0, 0, 1, 179.92
1609789656, 1759, 0, 1, 0, 0, 0.23%, 0, 0, 1, 179.80
1609789661, 1762, 0, 1, 0, 0, 0.23%, 0, 0, 1, 179.55
1609789666, 1766, 0, 1, 0, 0, 0.23%, 0, 0, 1, 179.67
1609789671, 1769, 0, 1, 0, 0, 0.23%, 0, 0, 1, 179.98
1609789677, 1773, 0, 1, 0, 0, 0.23%, 0, 0, 1, 179.83
1609789682, 1777, 0, 1, 0, 0, 0.23%, 0, 0, 1, 179.60
1609789687, 1780, 0, 1, 0, 0, 0.23%, 0, 0, 1, 179.97
1609789692, 1784, 0, 1, 0, 0, 0.23%, 0, 0, 1, 179.75
1609789697, 1787, 0, 1, 0, 0, 0.23%, 0, 0, 1, 179.97
1609789702, 1791, 0, 1, 0, 0, 0.23%, 0, 0, 1, 179.82
1609789707, 1795, 0, 1, 0, 0, 0.23%, 0, 0, 1, 180.07
1609789712, 1798, 0, 1, 0, 0, 0.23%, 0, 0, 1, 179.96
1609789717, 1802, 0, 1, 0, 0, 0.23%, 0, 0, 1, 175.55
1609789723, 1805, 0, 1, 0, 0, 0.23%, 0, 0, 1, 179.19
1609789728, 1809, 0, 1, 0, 0, 0.23%, 0, 0, 1, 179.27
1609789733, 1812, 0, 1, 0, 0, 0.23%, 0, 0, 1, 179.64
1609789738, 1816, 0, 1, 0, 0, 0.23%, 0, 0, 1, 180.26
1609789743, 1820, 0, 1, 0, 0, 0.23%, 0, 0, 1, 179.83
1609789748, 1823, 0, 1, 0, 0, 0.23%, 0, 0, 1, 180.02
1609789753, 1827, 0, 1, 0, 0, 0.23%, 0, 0, 1, 179.91
1609789758, 1830, 0, 1, 0, 0, 0.23%, 0, 0, 1, 179.62
1609789763, 1834, 0, 1, 0, 0, 0.23%, 0, 0, 1, 180.22
1609789768, 1838, 0, 1, 0, 0, 0.23%, 0, 0, 1, 180.43
1609789774, 1841, 0, 1, 0, 0, 0.23%, 0, 0, 1, 180.09
1609789779, 1845, 0, 1, 0, 0, 0.23%, 0, 0, 1, 180.10
1609789784, 1848, 0, 1, 0, 0, 0.23%, 0, 0, 1, 179.99
1609789789, 1852, 0, 1, 0, 0, 0.23%, 0, 0, 1, 180.19
1609789794, 1856, 0, 1, 0, 0, 0.23%, 0, 0, 1, 180.35
1609789799, 1859, 0, 1, 0, 0, 0.23%, 0, 0, 1, 180.14
1609789804, 1863, 0, 1, 0, 0, 0.23%, 0, 0, 1, 179.40
1609789809, 1866, 0, 1, 0, 0, 0.23%, 0, 0, 1, 180.39
1609789815, 1870, 0, 1, 0, 0, 0.23%, 0, 0, 1, 179.91
1609789820, 1874, 0, 1, 0, 0, 0.23%, 0, 0, 1, 180.05
1609789825, 1877, 0, 1, 0, 0, 0.23%, 0, 0, 1, 180.18
1609789830, 1881, 0, 1, 0, 0, 0.23%, 0, 0, 1, 179.91
1609789835, 1884, 0, 1, 0, 0, 0.23%, 0, 0, 1, 180.34
1609789840, 1888, 0, 1, 0, 0, 0.23%, 0, 0, 1, 180.26
1609789845, 1891, 0, 1, 0, 0, 0.23%, 0, 0, 1, 180.26
1609789850, 1895, 0, 1, 0, 0, 0.23%, 0, 0, 1, 179.99
1609789855, 1899, 0, 1, 0, 0, 0.23%, 0, 0, 1, 180.07
1609789861, 1902, 0, 1, 0, 0, 0.23%, 0, 0, 1, 179.59
1609789866, 1906, 0, 1, 0, 0, 0.23%, 0, 0, 1, 180.00
1609789871, 1910, 0, 1, 0, 0, 0.23%, 0, 0, 1, 179.88
1609789876, 1913, 0, 1, 0, 0, 0.23%, 0, 0, 1, 180.44
1609789881, 1917, 0, 1, 0, 0, 0.23%, 0, 0, 1, 180.54
1609789886, 1920, 0, 1, 0, 0, 0.23%, 0, 0, 1, 180.53
1609789891, 1924, 0, 1, 0, 0, 0.23%, 0, 0, 1, 180.22
1609789896, 1927, 0, 1, 0, 0, 0.23%, 0, 0, 1, 180.24
1609789901, 1931, 0, 1, 0, 0, 0.23%, 0, 0, 1, 180.31
1609789906, 1935, 0, 1, 0, 0, 0.23%, 0, 0, 1, 180.54
1609789912, 1938, 0, 1, 0, 0, 0.23%, 0, 0, 1, 180.49
1609789917, 1942, 0, 1, 0, 0, 0.23%, 0, 0, 1, 180.29
1609789922, 1945, 0, 1, 0, 0, 0.23%, 0, 0, 1, 180.05
1609789927, 1949, 0, 1, 0, 0, 0.23%, 0, 0, 1, 180.26
1609789932, 1953, 0, 1, 0, 0, 0.23%, 0, 0, 1, 180.48
1609789937, 1956, 0, 1, 0, 0, 0.23%, 0, 0, 1, 180.62
1609789942, 1960, 0, 1, 0, 0, 0.23%, 0, 0, 1, 180.23
1609789948, 1964, 0, 1, 0, 0, 0.23%, 0, 0, 1, 180.24
1609789953, 1967, 0, 1, 0, 0, 0.23%, 0, 0, 1, 180.22
1609789958, 1971, 0, 1, 0, 0, 0.23%, 0, 0, 1, 180.19
1609789963, 1974, 0, 1, 0, 0, 0.23%, 0, 0, 1, 180.35
1609789968, 1978, 0, 1, 0, 0, 0.23%, 0, 0, 1, 180.46
1609789973, 1982, 0, 1, 0, 0, 0.23%, 0, 0, 1, 180.11
1609789978, 1985, 0, 1, 0, 0, 0.23%, 0, 0, 1, 180.22
1609789983, 1989, 0, 1, 0, 0, 0.23%, 0, 0, 1, 179.97
1609789989, 1992, 0, 1, 0, 0, 0.23%, 0, 0, 1, 180.44
1609789994, 1996, 0, 1, 0, 0, 0.23%, 0, 0, 1, 180.32
1609789999, 1999, 0, 1, 0, 0, 0.23%, 0, 0, 1, 179.89
1609790004, 2003, 0, 1, 0, 0, 0.23%, 0, 0, 1, 180.13
1609790009, 2007, 0, 1, 0, 0, 0.23%, 0, 0, 1, 180.24
1609790014, 2010, 0, 1, 0, 0, 0.23%, 0, 0, 1, 179.82
1609790019, 2014, 0, 1, 0, 0, 0.23%, 0, 0, 1, 179.25
1609790024, 2017, 0, 1, 0, 0, 0.23%, 0, 0, 1, 179.17
1609790843, 2019, 0, 1, 0, 0, 0.00%, 0, 0, 1, 0.00
